rel_path,size_bytes,size_kb,sha256
export-for-chatgpt.ps1,7316,7.1,5BB2886CD6EA9A4F414CA2E02C7F7494155AAEA48CFF22E035C72CBEB28EDB1A
New Text Document.txt,0,0,E3B0C44298FC1C149AFBF4C8996FB92427AE41E4649B934CA495991B7852B855
package-lock.json,13551,13.2,25E4C60F2C8766F2C4A152E21F6FDD7BC37EEF5C50BD7B5AAAB74AC1ACCF5C6C
package.json,662,0.6,66D279BC8B175FC17017AC317008E3D0F0279733EE5F7F2A1FC837435F76FA36
client\index.html,632,0.6,3F70866F9F33E881415ED1A967779B79D945FC02567AA137FBE9CB232478B08A
client\package-lock.json,93122,90.9,3D79FBD368724E17EF7F8943F93A2C41F9878DB2BB2A1C226C3BF52EC1C725B7
client\package.json,617,0.6,7F957577E536C819D251C9E121BEDAD9382134BFCFF428965427D3E41E2A15DC
client\postcss.config.js,80,0.1,190C877DB466995BF1482F4A16ABD06E04A89EDE3119341E2A86FF96E1737B27
client\tailwind.config.js,744,0.7,1976F26B930C584917C0CE09C29BED013C35FF6517DEEE8C3349A290B2B0C8C9
client\tsconfig.json,627,0.6,00E4B9BF502C34F2F7C0673C6EDE7C61B87C1C7A5B62B94AF75AB4288CDA4A0B
client\tsconfig.node.json,233,0.2,BB9FD8592A9E364641441219F10D84DAAE9BA2CA5CC85DB798EFAD6913BB8257
client\vite.config.ts,478,0.5,C5D6FA5EA585C13FABC90C7BB387C51AC8B937EC00074EAAE5739F85CC5507F5
client\src\App.tsx,4053,4,7F3994FA0388AE6239CAFC7EF15FC8769E91E8F1AADF78E8396DF19D325618E0
client\src\index.css,1131,1.1,C2A0AA44D91939813BF9CE3DFB459308E8496E06B5E8DEBE59A43C63E9CD1884
client\src\main.tsx,236,0.2,14A10DEE4AAA2130D9F57C136DB7F16F95F524D60D77146B17776E91C2AB626C
client\src\components\ChatPanel.tsx,5854,5.7,5CC54621810254CF1C171C11C9D8866E2E130FE4981ED951DF7E94F803D797DB
client\src\components\GameBoard.tsx,31575,30.8,455BF1BB617DD31253940D3D655AA6E8B3007EFAD8B0EF137DC43B354F4ACD4C
client\src\components\Lobby.tsx,13535,13.2,292C33726B7E8ECFEBB7B3F65C46F1C215B1DE436E539B6589D4E19983F737D6
client\src\components\SeatLayout.tsx,7879,7.7,E01A374AEB4B8C75961404EFC136628B5280960ED9DFA82DC982DE3B2550ADF6
client\src\hooks\useSocket.ts,7098,6.9,5F22CF7B07D4E38032820BF3D18E617D1417CA223A25BDF4083F709784D8633B
client\src\lib\utils.ts,2987,2.9,964E10CE624EB9323A619A7FF5A57C620C7367B93D1348A6C1E3ED24338EC85F
client\src\types\index.ts,5552,5.4,43B96D705352FA4337B73D7E758C5621612BEB884D9997A147072641C2B34958
config\cards\campaign.json,8709,8.5,F08611CC0B78F2E434D2C61C9F855E0873804C028354099E956713EAB85BE923
config\cards\policy.json,16790,16.4,9BEBF2BB006237C29CD61E7AB14D680FF2CE23D325EF8C95B71E5680F3FB4F4C
config\cards\wildcard.json,4620,4.5,33B12DDEF2C502019D9E0A006E06F7A53E103699BF4B073EB948451459E458DC
server\package-lock.json,60762,59.3,8557843A22A8D68C28CD5736D18DF95B375EB90BDA3C1F58DB11F607EC060E25
server\package.json,582,0.6,EA822E0BD9E98BD7F319271AF4E86503AA41AECF21CB343121B192ECB0E8EABE
server\tsconfig.json,394,0.4,A4164BFDDE038F8C9197F73EB177F298041F44EEFF001BA559733D90F246C794
server\src\index.ts,13068,12.8,C88870B0AEC81B2C04986BFEBF269CFE321C03232C8EB7709A9A6608BBC220BB
server\src\config\loader.ts,10481,10.2,220D297BD9E25385BE54B0609D6A537B4FC7BA87E98742E12707FFEEEE5E81D6
server\src\game\GameEngine.ts,31887,31.1,E888FC60AEA3FCC0E4AE52817F44BDFCDADA3C79523F788BA45C04D346D7F5E3
server\src\game\rng.ts,952,0.9,19D463A223A5241C5EDFD67BDAD6B92331085AC9A7897E769010B832DE934953
server\src\rooms\RoomManager.ts,7830,7.6,25A41B3914C6FAF201C4BBBD5D6C16A6048CC290CBCC4699072FBE3198934834
server\src\types\index.ts,9398,9.2,2D4A99C13302E42744480B38A373CBC9F142922CC4E401AD513395AEFA5EDCC3
